
0.213364, 0.221545, 0.217445, 0.214655, 0.217125, 0.218102, 0.218569, 0.220497, 0.223783, 0.219813, 0.217136, 0.223025, 0.216052, 0.218830, 0.216990, 0.215779, 0.216026, 0.225203, 0.223511, 0.221022, 0.219964, 0.219895, 0.219190, 0.215782, 0.221864, 0.222348, 0.219535, 0.215648, 0.218225, 0.218826, 0.215633, 0.216924, 0.218010, 0.230904, 0.234355, 0.227240, 0.229467, 0.234092, 0.224642, 0.230527, 0.227140, 0.222062, 0.221772, 0.224821, 0.221275, 0.228497, 0.231804, 0.225471, 0.228280, 0.220236, 0.232497, 0.227167, 0.230446, 0.220518, 0.219536, 0.217243, 0.219717, 0.220373, 0.235057, 0.233589, 0.236401, 0.241533, 0.241448, 0.265891
0.215966, 0.217373, 0.215256, 0.216402, 0.217393, 0.218219, 0.217186, 0.217554, 0.219002, 0.220353, 0.219922, 0.218863, 0.218258, 0.218646, 0.220231, 0.221106, 0.222151, 0.222002, 0.221286, 0.221309, 0.219619, 0.220458, 0.222771, 0.219266, 0.222168, 0.220232, 0.222538, 0.223217, 0.220177, 0.220216, 0.223937, 0.218364, 0.223583, 0.224400, 0.223306, 0.222848, 0.225043, 0.225188, 0.223018, 0.225739, 0.225433, 0.226380, 0.226769, 0.222179, 0.225876, 0.224982, 0.227790, 0.227010, 0.227739, 0.227890, 0.228531, 0.229179, 0.230483, 0.230170, 0.230403, 0.230599, 0.232084, 0.232520, 0.233127, 0.233958, 0.235525, 0.235417, 0.236799, 0.250129
0.203849, 0.225656, 0.211256, 0.208097, 0.214515, 0.213079, 0.207356, 0.219535, 0.210469, 0.211644, 0.212032, 0.211917, 0.208474, 0.210889, 0.209973, 0.213743, 0.220873, 0.216414, 0.214176, 0.213980, 0.218200, 0.209720, 0.212311, 0.212998, 0.216281, 0.210973, 0.210258, 0.210620, 0.211770, 0.211607, 0.222100, 0.210002, 0.225374, 0.223179, 0.228572, 0.224029, 0.221030, 0.219655, 0.224927, 0.223103, 0.216831, 0.224327, 0.216886, 0.220728, 0.216043, 0.222980, 0.227269, 0.221410, 0.226702, 0.218316, 0.223005, 0.216559, 0.221916, 0.224211, 0.220679, 0.214880, 0.215358, 0.215016, 0.229287, 0.229320, 0.227877, 0.231941, 0.232619, 0.235794
0.192402, 0.197837, 0.204896, 0.208720, 0.206229, 0.211098, 0.205990, 0.203123, 0.204419, 0.207502, 0.211236, 0.207649, 0.206021, 0.211701, 0.212069, 0.210053, 0.210778, 0.213307, 0.212128, 0.209948, 0.214481, 0.205949, 0.211602, 0.215765, 0.215804, 0.208960, 0.217025, 0.217116, 0.214408, 0.215853, 0.217525, 0.211055, 0.217642, 0.215055, 0.220548, 0.220316, 0.221745, 0.222075, 0.221166, 0.221853, 0.222615, 0.214454, 0.222333, 0.223319, 0.224937, 0.224078, 0.224568, 0.225277, 0.224815, 0.225380, 0.225869, 0.225801, 0.226882, 0.223769, 0.228089, 0.228842, 0.230138, 0.229464, 0.230470, 0.228243, 0.232743, 0.234997, 0.234919, 0.235294
10.815079, 10.811202, 10.813955, 10.809530, 10.803509, 10.829378, 10.808716, 10.812989, 10.805628, 10.808068, 10.809628, 10.806583, 10.817679, 10.815154, 10.813839, 10.808201, 10.811582, 10.817450, 10.811482, 10.811989, 10.809218, 10.806464, 10.808114, 10.794301, 10.822192, 10.808679, 10.835849, 10.831356, 10.819764, 10.813805, 10.810574, 10.807267, 10.819953, 10.816855, 10.819956, 10.814609, 10.819168, 10.812162, 10.806680, 10.801093, 11.377458, 11.396340, 11.393068, 11.388808, 11.382449, 11.395250, 11.391309, 11.396263, 11.391490, 11.389248, 11.393004, 11.410055, 12.789598, 12.791113, 12.793129, 12.078721, 13.070445, 13.069413, 13.072264, 12.349905, 13.068305, 13.074698, 13.076511, 13.077720
0.204923, 0.202951, 0.211106, 0.209552, 0.209099, 0.212177, 0.215906, 0.213731, 0.215731, 0.216484, 0.216966, 0.217484, 0.216790, 0.218607, 0.218851, 0.219488, 0.218833, 0.218079, 0.219914, 0.220137, 0.220228, 0.217563, 0.218813, 0.219000, 0.219049, 0.222250, 0.220097, 0.220938, 0.221263, 0.222546, 0.221798, 0.224037, 0.221102, 0.223919, 0.219641, 0.224861, 0.223953, 0.224820, 0.225471, 0.223971, 0.223156, 0.225253, 0.225529, 0.226119, 0.225903, 0.226666, 0.227141, 0.227663, 0.222373, 0.227771, 0.227684, 0.227792, 0.228040, 0.229704, 0.230560, 0.229989, 0.230815, 0.232002, 0.231909, 0.233763, 0.235658, 0.234803, 0.235576, 0.241608
7.882702, 7.878068, 7.885607, 7.886249, 7.876881, 7.882561, 7.885706, 7.881730, 7.894381, 7.890361, 7.888263, 7.891040, 7.890588, 7.889520, 7.890563, 7.887914, 7.889451, 7.886278, 7.889522, 7.889558, 7.889353, 7.888850, 7.898600, 7.896278, 7.898917, 7.881075, 7.895867, 7.896541, 7.893964, 7.892215, 7.890023, 7.895676, 8.964243, 8.946980, 8.957208, 8.936006, 8.947024, 8.960804, 8.954574, 8.957329, 8.941551, 8.945165, 8.965453, 8.963534, 8.966262, 8.968735, 8.968953, 8.970600, 8.972394, 8.973909, 8.976394, 8.974584, 9.655372, 9.654195, 9.658470, 9.668512, 9.668054, 9.670107, 9.671588, 10.373278, 10.373213, 10.375342, 10.377345, 11.551078
0.199459, 0.197062, 0.201796, 0.206092, 0.220482, 0.219033, 0.218070, 0.215604, 0.213073, 0.215565, 0.213614, 0.211903, 0.209730, 0.224617, 0.211381, 0.210172, 0.212465, 0.214529, 0.212281, 0.216325, 0.218861, 0.215159, 0.212791, 0.222596, 0.217233, 0.213976, 0.217043, 0.215468, 0.223038, 0.212058, 0.209124, 0.210497, 0.224148, 0.225973, 0.223190, 0.221525, 0.225349, 0.223148, 0.226043, 0.218296, 0.218158, 0.222843, 0.224485, 0.221279, 0.225899, 0.219717, 0.223880, 0.221819, 0.223231, 0.216911, 0.216634, 0.222444, 0.228178, 0.226293, 0.227963, 0.228159, 0.229189, 0.229701, 0.224671, 0.231874, 0.233933, 0.236292, 0.234241, 0.235388
2.266917, 2.266388, 2.261535, 2.252796, 2.246803, 2.251970, 2.229570, 2.264201, 2.254439, 2.255594, 2.261555, 2.255556, 2.247621, 2.254067, 2.260838, 2.264089, 2.263690, 2.257972, 2.259027, 2.265841, 2.255335, 2.247641, 2.238240, 2.260365, 2.257661, 2.256370, 2.254553, 2.256516, 2.257734, 2.255501, 2.260040, 2.267389, 2.270814, 2.249622, 2.264235, 2.271800, 2.272292, 2.261736, 2.269158, 2.266797, 2.265131, 2.268880, 2.256541, 2.261691, 2.270752, 2.260313, 2.265606, 2.261241, 2.270394, 2.274527, 2.274429, 2.272518, 2.276518, 2.277183, 2.276824, 2.277900, 2.277169, 2.279070, 2.269028, 2.283261, 2.284455, 2.287271, 2.295454, 2.299755
0.199539, 0.226490, 0.223522, 0.217670, 0.218692, 0.222476, 0.212571, 0.214561, 0.216611, 0.211860, 0.211404, 0.202225, 0.210113, 0.220515, 0.211313, 0.218333, 0.215566, 0.211983, 0.216839, 0.220948, 0.217445, 0.215030, 0.219237, 0.215549, 0.215743, 0.214948, 0.211926, 0.211812, 0.210252, 0.201970, 0.227411, 0.224808, 0.217957, 0.224386, 0.227285, 0.219687, 0.213488, 0.219678, 0.204948, 0.225856, 0.223001, 0.226346, 0.218636, 0.225214, 0.224413, 0.227328, 0.218330, 0.220651, 0.218504, 0.216230, 0.229351, 0.229538, 0.230483, 0.231091, 0.231778, 0.229452, 0.233172, 0.234033, 0.234611, 0.235824, 0.233490, 0.243122, 0.244285, 0.247546
0.217992, 0.229627, 0.216337, 0.215655, 0.221381, 0.231332, 0.224367, 0.219794, 0.218778, 0.199953, 0.217548, 0.209490, 0.218293, 0.198186, 0.227092, 0.224533, 0.224442, 0.220223, 0.221485, 0.225884, 0.228507, 0.226335, 0.220670, 0.220025, 0.218950, 0.200116, 0.218138, 0.215056, 0.194385, 0.223271, 0.230485, 0.227542, 0.229132, 0.231509, 0.230524, 0.225744, 0.228517, 0.224725, 0.217899, 0.231154, 0.233545, 0.228222, 0.232154, 0.225950, 0.229821, 0.229405, 0.231967, 0.224090, 0.229175, 0.223061, 0.228071, 0.211740, 0.235931, 0.234763, 0.234937, 0.233802, 0.227597, 0.237897, 0.240091, 0.242368, 0.244336, 0.248450, 0.259161, 0.250698
0.199438, 0.200359, 0.202172, 0.207199, 0.206897, 0.206655, 0.210687, 0.207658, 0.210881, 0.213089, 0.213284, 0.211129, 0.211525, 0.214792, 0.211333, 0.215441, 0.214794, 0.214512, 0.214813, 0.215279, 0.214725, 0.217863, 0.218007, 0.217473, 0.219703, 0.216258, 0.216510, 0.219705, 0.219348, 0.217188, 0.218400, 0.219238, 0.220485, 0.220153, 0.219653, 0.222605, 0.223530, 0.224279, 0.221409, 0.220737, 0.223499, 0.224095, 0.225028, 0.227198, 0.226829, 0.227993, 0.226944, 0.228677, 0.229224, 0.230641, 0.230422, 0.230181, 0.231346, 0.233032, 0.234226, 0.233434, 0.231456, 0.233041, 0.236508, 0.238136, 0.240852, 0.240526, 0.242850, 0.245252
0.239700, 0.240728, 0.232160, 0.230156, 0.230701, 0.222051, 0.236830, 0.232024, 0.236628, 0.228096, 0.228510, 0.224067, 0.226929, 0.224993, 0.227205, 0.234935, 0.238867, 0.233266, 0.232233, 0.238656, 0.232618, 0.230371, 0.233588, 0.236487, 0.227383, 0.231985, 0.219576, 0.221208, 0.220831, 0.226843, 0.232463, 0.239904, 0.233268, 0.237951, 0.240832, 0.234014, 0.230610, 0.228819, 0.233908, 0.231494, 0.236317, 0.242345, 0.237236, 0.237368, 0.237635, 0.240876, 0.232131, 0.226292, 0.225326, 0.231100, 0.229301, 0.245201, 0.244510, 0.243459, 0.244477, 0.242972, 0.247055, 0.247847, 0.237742, 0.251281, 0.252721, 0.254783, 0.261267, 0.277249
0.201286, 0.204338, 0.202830, 0.206073, 0.207063, 0.208341, 0.216055, 0.212157, 0.215836, 0.213545, 0.216031, 0.216024, 0.214990, 0.214920, 0.216429, 0.218108, 0.218537, 0.218306, 0.216917, 0.218516, 0.217899, 0.217838, 0.219861, 0.219848, 0.221007, 0.217829, 0.220964, 0.220735, 0.218238, 0.220073, 0.222389, 0.222913, 0.220486, 0.223732, 0.223443, 0.220765, 0.224956, 0.224513, 0.221960, 0.224429, 0.220005, 0.223582, 0.225675, 0.225416, 0.227795, 0.227453, 0.224179, 0.227523, 0.229820, 0.229640, 0.229649, 0.229892, 0.231164, 0.231314, 0.233890, 0.233280, 0.235221, 0.234874, 0.235602, 0.242405, 0.245737, 0.248089, 0.250351, 0.251906
0.201177, 0.223556, 0.217324, 0.221341, 0.223897, 0.214048, 0.222683, 0.215818, 0.224343, 0.218929, 0.206103, 0.218108, 0.208597, 0.203522, 0.204239, 0.222214, 0.221668, 0.223214, 0.219554, 0.219640, 0.223764, 0.220694, 0.223935, 0.220569, 0.216515, 0.216659, 0.222295, 0.206576, 0.212273, 0.212617, 0.229012, 0.227843, 0.225746, 0.228952, 0.215197, 0.221141, 0.220762, 0.221618, 0.220271, 0.230436, 0.226904, 0.224835, 0.222244, 0.227574, 0.225532, 0.229194, 0.219823, 0.219304, 0.217050, 0.219575, 0.232858, 0.232601, 0.231116, 0.233703, 0.232848, 0.235284, 0.235590, 0.237330, 0.237477, 0.235687, 0.238038, 0.233257, 0.245874, 0.248871
0.200151, 0.198224, 0.204851, 0.204610, 0.202844, 0.204661, 0.208474, 0.212227, 0.211356, 0.212984, 0.212822, 0.212245, 0.211710, 0.213309, 0.213126, 0.215591, 0.212066, 0.213966, 0.213771, 0.213664, 0.214551, 0.215341, 0.217731, 0.218767, 0.216892, 0.218379, 0.217314, 0.218569, 0.219456, 0.218218, 0.219093, 0.220121, 0.219631, 0.222075, 0.219448, 0.221637, 0.223480, 0.224151, 0.222999, 0.223786, 0.224051, 0.224851, 0.225120, 0.226886, 0.227116, 0.226639, 0.226620, 0.228472, 0.224656, 0.229669, 0.228925, 0.230736, 0.226686, 0.231575, 0.231467, 0.232264, 0.232105, 0.233484, 0.239724, 0.240782, 0.242153, 0.244899, 0.246900, 0.249195