1	2	4	8	16
14.44741	7.319487	3.750455	2.727284	1.428073

14.44741,7.319487,3.750455,2.727284,1.428073

1

14.393902, 14.488492, 14.492868, 14.414373

2

6.998482, 6.993281, 7.030543, 7.040946, 7.710960, 7.710925, 7.535341, 7.535421

4

3.670589, 3.670153, 3.667716, 3.670473, 3.701436, 3.699178, 3.701199, 3.700917, 3.902625, 3.902534, 3.902381, 3.901731, 3.729438, 3.729233, 3.728621, 3.729059

8

2.869105, 2.878946, 2.878557, 2.879083, 2.869907, 2.868991, 2.879155, 2.872109, 2.726936, 2.719725, 2.727183, 2.723548, 2.727328, 2.725818, 2.720374, 2.722839, 2.655444, 2.665438, 2.668504, 2.668252, 2.655616, 2.668511, 2.668394, 2.664352, 2.650753, 2.634655, 2.644916, 2.646763, 2.639461, 2.651048, 2.650573, 2.650800

16

1.410220, 1.410260, 1.408279, 1.396509, 1.408355, 1.409216, 1.403239, 1.410192, 1.410391, 1.407113, 1.409111, 1.410419, 1.409471, 1.385811, 1.409036, 1.382876, 1.450253, 1.451364, 1.451111, 1.433198, 1.451055, 1.440840, 1.440606, 1.444075, 1.439313, 1.438466, 1.451002, 1.444028, 1.420900, 1.441689, 1.446002, 1.438452, 1.449121, 1.445942, 1.451102, 1.452093, 1.451327, 1.438946, 1.449002, 1.446718, 1.418857, 1.449957, 1.426023, 1.446445, 1.446699, 1.434950, 1.438833, 1.447881, 1.424710, 1.424019, 1.424639, 1.424833, 1.417764, 1.424703, 1.425226, 1.424157, 1.424647, 1.424545, 1.425116, 1.424981, 1.418111, 1.424623, 1.386846, 1.421019
