	3	6	9	15
10
	0.055	0.081	0.122	0.118
	0.048	0.053	0.059	0.117
10000
	1.057	2.205	3.270	4.173
	1.056	2.156	2.194	4.316
20000
	1.058	0.092	1.305	3.744
	1.057	0.081	0.101	2.586
30000
	1.057	2.032	1.512	5.797
	1.058	0.068	0.109	4.352
40000
	1.057	0.083	1.342	3.122
	0.058	0.083	0.078	2.369
50000
	1.062	0.084	1.108	1.124
	1.057	0.083	1.109	3.363
60000
	1.059	0.083	4.184	3.125
	0.600	0.076	2.108	4.034

MAX
	N3	N6	N9	N15
10	0.055	0.081	0.122	0.118
10000	1.057	2.205	3.270	4.316
20000	1.058	0.092	1.305	3.744
30000	1.058	2.032	1.512	5.797
40000	1.057	0.083	1.342	3.122
50000	1.062	0.084	1.109	3.363
60000	1.059	0.083	4.184	4.034

MEAN
10	0.052	0.067	0.091	0.117
10000	1.057	2.180	2.732	4.245
20000	1.057	0.087	0.703	3.165
30000	1.057	1.050	0.811	5.075
40000	0.558	0.083	0.710	